0 2508 20 10.5 2 2696 26 0 1 947 1 0
2 4 585 830 0
3 1 1050 766
3 3 392 93
4 5 498 1049 10.5
4 1 29 789 10.5
4 2 1644 589 10.5
4 1 1399 389 10.5
4 2 89 189 10.5
4 1 778 -12 10.5
5 -1 1659 -20
6 311 1080
6 1778 1070
6 1895 1060
6 663 1050
6 1220 1040
6 1889 1030
6 678 1020
6 806 1010
6 1772 1000
6 989 990
6 1123 980
6 1615 970
6 1152 960
6 1347 950
6 343 940
6 1688 930
6 35 920
6 1834 910
6 984 900
6 686 890
6 822 880
6 1316 870
6 211 860
6 1433 850
6 1513 840
6 605 830
6 1245 820
6 1353 810
6 40 800
6 1872 790
6 1098 780
6 551 770
6 1751 760
6 1009 750
6 259 740
6 1286 730
6 314 720
6 186 710
6 980 700
6 1231 690
6 1319 680
6 248 670
6 1553 660
6 808 650
6 905 640
6 594 630
6 1515 620
6 1626 610
6 693 600
6 1250 590
6 1692 580
6 1328 570
6 728 560
6 795 550
6 581 540
6 760 530
6 1883 520
6 781 510
6 1070 500
6 573 490
6 377 480
6 227 470
6 1407 460
6 473 450
6 1178 440
6 832 430
6 71 420
6 553 410
6 405 400
6 1347 390
6 552 380
6 1056 370
6 1550 360
6 192 350
6 373 340
6 897 330
6 626 320
6 1058 310
6 293 300
6 53 290
6 145 280
6 1192 270
6 45 260
6 1457 250
6 113 240
6 757 230
6 1819 220
6 516 210
6 59 200
6 1255 190
6 680 180
6 1394 170
6 1743 160
6 990 150
6 1597 140
6 1710 130
6 1511 120
6 1702 110
6 1805 100
6 492 90
6 1201 80
6 1054 70
6 633 60
6 836 50
6 960 40
6 81 30
6 759 20
6 1908 10
7 115 1071
7 770 1050
7 1310 1029
7 151 1008
7 1458 987
7 1404 966
7 1030 945
7 933 924
7 65 903
7 361 882
7 1623 861
7 934 840
7 706 819
7 1379 798
7 1829 777
7 1057 756
7 134 735
7 213 714
7 1503 693
7 965 672
7 1353 651
7 482 630
7 1113 609
7 591 588
7 162 567
7 19 546
7 1486 525
7 668 504
7 207 483
7 1567 462
7 1214 441
7 1041 420
7 207 399
7 967 378
7 659 357
7 663 336
7 1634 315
7 797 294
7 63 273
7 1773 252
7 535 231
7 1124 210
7 1772 189
7 361 168
7 996 147
7 1107 126
7 1867 105
7 50 84
7 567 63
7 792 42
7 1149 21
